964.13576 693.822802
519.962775 867.05852
503.758211 926.345513
202.103662 858.922457
95.327763 1062.268024
69.070782 945.717455
70.214363 325.955336
208.351999 173.148218
797.127463 409.665046
858.556729 451.002809
573.322057 488.502701
249.029276 181.794148
296.903236 375.082806
148.576316 664.119951
185.484127 841.067933
653.761691 520.364923
751.215403 149.956963
502.705316 983.180239
624.321973 1179.413729
330.658952 1197.177079
365.625012 1121.657571
509.564625 158.76442
496.503232 305.111182
183.152497 198.658907
120.735954 12.458272
159.142292 225.491501
195.209179 124.013583
257.821843 14.306882
304.413328 245.627726
1024.530528 379.864983
956.527374 284.30907
1046.48209 695.589144
1042.461581 1280.103769
999.688044 1226.213532
1453.55735 998.121375
1407.037965 1158.934501
1303.873342 1366.682913
865.51479 164.35557
1388.978926 343.974817
1443.595945 70.883495
1464.245309 463.075912
1332.441582 1201.896283
1068.921363 1469.133543
1086.614593 1010.836782
1263.965513 833.965854
651.635248 578.730575
467.837158 787.746255
742.65911 1030.265735
477.214479 1104.328288
139.638394 1022.155454
111.265545 1053.005565
349.645017 1002.713609
183.970154 1456.230072
180.295224 1184.158151
494.355052 521.930594
499.247876 360.300887
889.344197 458.749524
950.515523 464.315707
1088.824223 443.511758
1304.014936 475.242498
1393.477401 200.682906
1435.585621 635.742214
895.844889 526.71574
1002.894354 789.423042
347.114073 635.940277
251.47512 572.079905
362.2866 960.126134
16.453188 1034.447488
131.343423 1414.326635
179.613064 916.353076
96.778035 657.179496
1.767276 688.050558
31.418349 264.632834
353.578467 779.067795
79.868653 659.102143
148.240664 1060.273067
59.850913 1146.027285
51.871116 1470.063942
610.947864 1441.398171
509.477657 1252.481405
594.998182 1445.155169
544.018177 1066.897296
432.58785 299.773938
829.12458 10.493218
917.435403 54.188553
426.041913 419.17266
380.608798 405.125252
429.56077 528.093395
180.540844 478.029477
177.66223 338.351797
313.938664 580.512263
125.460068 933.651398
437.463229 818.629215
588.068093 1143.859439
965.428644 1427.002679
1152.960997 1352.478238
1287.998695 1322.398354
1222.840558 1422.54277
666.00155 1305.260293
1224.146974 843.966338
1150.891461 1117.841209
1384.117981 1159.064867
1254.379682 1315.610242
830.361603 1243.347169
764.842851 1063.164011
451.519016 1484.894894
416.936767 1077.482909
285.334951 1047.905964
611.17905 1036.669237
723.694118 579.10066
984.153233 392.04241
1308.79022 241.585503
1406.397648 464.523172
1078.824238 291.958187
941.401166 998.044345
489.02878 1174.391118
545.412031 1274.379708
744.299018 1144.929486
391.658864 1024.334985
21.575234 817.61759
147.686938 607.386053
97.802822 875.2201
68.115907 782.114046
451.268681 729.129715
1319.567392 1307.805275
1393.404009 1281.719052
1452.309961 1308.743945
1264.066447 771.710001
1327.037225 778.863262
1377.309513 874.906936
1346.756014 425.498917
1265.395753 572.757843
1125.905802 821.323025
1436.589744 873.612438
1419.203095 948.892524
1438.090334 1048.427631
1236.122947 1018.594983
571.00412 609.561176
512.242359 624.767836
1039.917296 1308.099248
1126.363712 1265.742152
1179.351769 1392.172908
1450.342385 1443.804235
1283.608043 1490.102666
857.27217 1360.17537
370.549714 420.403954
54.280258 331.86649
456.8814 128.041091
199.834771 521.987437
563.187164 278.271523
462.233864 0.090771
388.258032 156.69306
450.268888 358.731282
381.918646 1466.58125
567.66552 1051.77954
435.154253 1161.051508
88.521323 1248.952909
139.101647 1051.219184
553.626859 844.930773
1138.247932 851.995555
1010.379127 448.145638
1117.867556 56.391163
1383.28535 60.670932
1044.687284 241.820784
1223.11366 358.799604
1263.149687 488.790699
1063.244686 385.38777
990.22518 453.330271
696.530559 777.925249
1073.401657 717.980967
1487.375982 562.429238
1419.889928 1108.721175
652.832822 1465.901313
737.399719 1306.824748
757.525962 1214.519149
1006.137582 1144.409831
521.307348 776.830453
684.208498 659.899429
696.115022 579.221864
675.267548 944.222905
101.138536 1340.803236
151.77107 1405.755397
736.999716 1498.13479
773.563033 717.188014
742.324677 304.155798
930.510966 168.306954
388.416636 560.977983
19.265554 41.717558
169.372388 1021.834219
97.457858 958.397133
684.292055 724.944492
1177.793622 987.344842
1099.842249 907.781051
958.042072 1370.729217
1047.586516 1348.373922
669.402312 1376.954095
644.714328 1193.654781
74.962297 757.718121
58.092876 945.054524
273.85909 480.017012
497.616888 208.541382
1062.383456 87.273129
787.031046 330.518366
352.159334 509.136047
553.434569 465.133698
716.962439 438.247904
932.661211 669.299627
1241.825687 1141.955104
1258.574986 768.211566
1315.81958 1112.627293
1128.838823 440.818495
759.151627 60.244397
618.609727 104.021075
504.939289 129.240216
525.042313 365.867885
328.138899 709.63291
113.319915 477.110543
1267.513604 977.628855
1456.336814 934.012155
1194.966492 459.256009
1454.175915 51.106181
836.595583 94.463398
942.134766 455.657063
964.566167 599.51542
721.121193 745.75044
960.950828 1338.82086
703.281725 1142.652029
672.667795 799.573405
590.092092 498.280926
669.882132 107.468533
633.751055 89.916811
1497.378989 271.268221
1375.15785 111.07784
1328.293484 107.226464
825.090138 768.003233
945.224486 824.720408
365.18398 1147.277455
428.426552 1348.999582
377.83021 1424.487768
363.493067 1414.562642
610.605438 1373.197013
884.47369 1168.251789
790.842819 1249.07264
852.386234 1168.996703
1201.110758 1234.159349
995.77259 1205.158458
515.445418 684.977241
640.988919 602.173798
921.497746 725.348791
